C2H_ccsd, 
C2H_pbe0, 0.0000, -0.0000, 0.7553, 0.7553
C2H_pbe, 0.0000, -0.0000, 0.7654, 0.7654
C2H_scan0, -0.0000, -0.0000, 0.7451, 0.7451
C2H_scan, 0.0000, 0.0000, 0.7502, 0.7502
C2H_spw92, 0.0000, 0.0000, 0.7654, 0.7654
CH4_ccsd, 
CH4_pbe0, -0.0000, -0.0000, -0.0000, 0.0000
CH4_pbe, -0.0000, -0.0000, 0.0000, 0.0000
CH4_scan0, -0.0000, 0.0000, -0.0000, 0.0000
CH4_scan, -0.0000, -0.0000, -0.0000, 0.0000
CH4_spw92, 0.0000, -0.0000, -0.0000, 0.0000
CN_ccsd, 
CN_pbe0, -0.0000, -0.0000, 1.4805, 1.4805
CN_pbe, 0.0000, -0.0000, 1.1524, 1.1524
CN_scan0, -0.0000, 0.0000, 1.7024, 1.7024
CN_scan, 0.0000, -0.0000, 1.4404, 1.4404
CN_spw92, 0.0000, -0.0000, 1.1524, 1.1524
CO_ccsd, 
CO_pbe0, 0.0000, -0.0000, 0.1018, 0.1018
CO_pbe, -0.0000, 0.0000, 0.2239, 0.2239
CO_scan0, 0.0000, 0.0000, 0.0322, 0.0322
CO_scan, -0.0000, -0.0000, 0.1318, 0.1318
CO_spw92, -0.0000, 0.0000, 0.2290, 0.2290
CO2_ccsd, 
CO2_pbe0, -0.0000, -0.0000, 0.0000, 0.0000
CO2_pbe, 0.0000, 0.0000, -0.0000, 0.0000
CO2_scan0, 0.0000, 0.0000, 0.0000, 0.0000
CO2_scan, -0.0000, -0.0000, 0.0000, 0.0000
CO2_spw92, 0.0000, -0.0000, 0.0000, 0.0000
H2O_ccsd, 
H2O_pbe0, 0.0000, -0.0000, -1.8579, 1.8579
H2O_pbe, -0.0000, -0.0000, -1.7949, 1.7949
H2O_scan0, -0.0000, 0.0000, -1.8853, 1.8853
H2O_scan, -0.0000, -0.0000, -1.8396, 1.8396
H2O_spw92, -0.0000, 0.0000, -1.7949, 1.7949
HCO_ccsd, 
HCO_pbe0, 1.5806, -0.6828, 0.0000, 1.7218
HCO_pbe, 1.4661, -0.5192, -0.0000, 1.5553
HCO_scan0, 1.6305, -0.7889, -0.0000, 1.8113
HCO_scan, 1.5452, -0.6563, -0.0000, 1.6788
HCO_spw92, 1.4661, -0.5192, -0.0000, 1.5553
HF_ccsd, 
HF_pbe0, -0.0000, 0.0000, 1.8030, 1.8030
HF_pbe, 0.0000, 0.0000, 1.7460, 1.7460
HF_scan0, 0.0000, 0.0000, 1.8332, 1.8332
HF_scan, -0.0000, -0.0000, 1.7918, 1.7918
HF_spw92, -0.0000, -0.0000, 1.7460, 1.7460
HO2_ccsd, 
HO2_pbe0, -1.6710, -1.3683, -0.0000, 2.1598
HO2_pbe, -1.6261, -1.5059, 0.0000, 2.2163
HO2_scan0, -1.6871, -1.2683, -0.0000, 2.1107
HO2_scan, -1.6531, -1.3727, -0.0000, 2.1487
HO2_spw92, -1.6261, -1.5059, -0.0000, 2.2163
N2_ccsd, 
N2_pbe0, -0.0000, -0.0000, -0.0000, 0.0000
N2_pbe, -0.0000, 0.0000, 0.0000, 0.0000
N2_scan0, -0.0000, 0.0000, 0.0000, 0.0000
N2_scan, 0.0000, 0.0000, 0.0000, 0.0000
N2_spw92, -0.0000, -0.0000, 0.0000, 0.0000
OH_ccsd, 
OH_pbe0, 0.0000, -0.0000, -1.6489, 1.6489
OH_pbe, 0.0000, -0.0000, -1.5939, 1.5939
OH_scan0, -0.0000, -0.0000, -1.6797, 1.6797
OH_scan, 0.0000, 0.0000, -1.6419, 1.6419
OH_spw92, 0.0000, -0.0000, -1.5939, 1.5939
