C2H_ccsd, 
C2H_pbe0, -12.8870, 0.0000, -12.8870, -0.0000, -0.0000, -8.9179
C2H_pbe, -12.9010, 0.0000, -12.9010, -0.0000, 0.0000, -9.1582
C2H_scan0, -12.8664, -0.0000, -12.8664, 0.0000, 0.0000, -8.7862
C2H_scan, -12.8300, -0.0000, -12.8300, -0.0000, -0.0000, -8.8822
C2H_spw92, -12.9010, -0.0000, -12.9010, -0.0000, -0.0000, -9.1582
CH4_ccsd, 
CH4_pbe0, -8.3942, 0.0000, -8.3942, -0.0000, 0.0000, -8.3942
CH4_pbe, -8.4939, -0.0000, -8.4939, 0.0000, 0.0000, -8.4939
CH4_scan0, -8.3470, 0.0000, -8.3470, -0.0000, -0.0000, -8.3470
CH4_scan, -8.3783, 0.0000, -8.3783, 0.0000, -0.0000, -8.3783
CH4_spw92, -8.4939, -0.0000, -8.4939, 0.0000, -0.0000, -8.4939
CN_ccsd, 
CN_pbe0, -11.0323, -0.0000, -11.0323, -0.0000, -0.0000, -8.7607
CN_pbe, -11.0544, -0.0000, -11.0544, 0.0000, -0.0000, -9.3233
CN_scan0, -10.9977, -0.0000, -10.9977, -0.0000, 0.0000, -8.3959
CN_scan, -10.9701, -0.0000, -10.9701, -0.0000, -0.0000, -8.7925
CN_spw92, -11.0544, 0.0000, -11.0544, 0.0000, -0.0000, -9.3233
CO_ccsd, 
CO_pbe0, -10.2495, -0.0000, -10.2495, -0.0000, 0.0000, -12.1149
CO_pbe, -10.3366, 0.0000, -10.3366, -0.0000, -0.0000, -12.0609
CO_scan0, -10.1947, -0.0000, -10.1947, -0.0000, -0.0000, -12.1498
CO_scan, -10.2171, -0.0000, -10.2171, -0.0000, 0.0000, -12.0790
CO_spw92, -10.3949, -0.0000, -10.3949, -0.0000, -0.0000, -12.0857
CO2_ccsd, 
CO2_pbe0, -14.8102, 0.0000, -14.8102, -0.0000, 0.0000, -19.1668
CO2_pbe, -14.8972, 0.0000, -14.8972, 0.0000, 0.0000, -19.0559
CO2_scan0, -14.7407, 0.0000, -14.7407, 0.0000, 0.0000, -19.2046
CO2_scan, -14.7535, 0.0000, -14.7535, 0.0000, -0.0000, -19.0756
CO2_spw92, -14.8972, 0.0000, -14.8972, -0.0000, 0.0000, -19.0559
H2O_ccsd, 
H2O_pbe0, -7.7260, 0.0000, -4.4247, 0.0000, 0.0000, -6.4106
H2O_pbe, -7.8672, 0.0000, -4.5662, 0.0000, -0.0000, -6.5490
H2O_scan0, -7.6496, -0.0000, -4.3385, 0.0000, -0.0000, -6.3380
H2O_scan, -7.7149, 0.0000, -4.4075, -0.0000, -0.0000, -6.4065
H2O_spw92, -7.8672, 0.0000, -4.5662, 0.0000, -0.0000, -6.5490
HCO_ccsd, 
HCO_pbe0, -11.2044, 0.6098, -13.4142, -0.0000, -0.0000, -11.0017
HCO_pbe, -11.3376, 0.5275, -13.4217, -0.0000, 0.0000, -11.0850
HCO_scan0, -11.1559, 0.6719, -13.3937, -0.0000, 0.0000, -10.9410
HCO_scan, -11.2067, 0.6112, -13.3516, 0.0000, -0.0000, -10.9522
HCO_spw92, -11.3376, 0.5275, -13.4217, -0.0000, 0.0000, -11.0850
HF_ccsd, 
HF_pbe0, -5.8505, -0.0000, -5.8505, -0.0000, -0.0000, -3.4071
HF_pbe, -5.9602, 0.0000, -5.9602, -0.0000, -0.0000, -3.5458
HF_scan0, -5.7852, 0.0000, -5.7852, 0.0000, 0.0000, -3.3224
HF_scan, -5.8386, -0.0000, -5.8386, -0.0000, -0.0000, -3.3989
HF_spw92, -5.9602, -0.0000, -5.9602, 0.0000, -0.0000, -3.5458
HO2_ccsd, 
HO2_pbe0, -9.9966, 1.6435, -10.9958, -0.0000, -0.0000, -11.0850
HO2_pbe, -10.2084, 1.5791, -11.1631, 0.0000, 0.0000, -11.1949
HO2_scan0, -9.8884, 1.6677, -10.8852, -0.0000, 0.0000, -11.0012
HO2_scan, -10.0002, 1.6216, -10.9459, -0.0000, 0.0000, -11.0383
HO2_spw92, -10.2084, 1.5791, -11.1631, 0.0000, 0.0000, -11.1949
N2_ccsd, 
N2_pbe0, -10.2842, 0.0000, -10.2842, -0.0000, 0.0000, -11.7202
N2_pbe, -10.3198, -0.0000, -10.3198, -0.0000, -0.0000, -11.8501
N2_scan0, -10.2478, -0.0000, -10.2478, -0.0000, -0.0000, -11.6566
N2_scan, -10.2260, 0.0000, -10.2260, 0.0000, -0.0000, -11.7324
N2_spw92, -10.3198, -0.0000, -10.3198, 0.0000, -0.0000, -11.8501
OH_ccsd, 
OH_pbe0, -5.5457, 0.0000, -6.8764, 0.0000, -0.0000, -7.5372
OH_pbe, -5.6404, -0.0000, -7.0038, 0.0000, -0.0000, -7.5713
OH_scan0, -5.4775, -0.0000, -6.8034, -0.0000, 0.0000, -7.5166
OH_scan, -5.5148, -0.0000, -6.8637, 0.0000, 0.0000, -7.5177
OH_spw92, -5.6404, 0.0000, -7.0038, 0.0000, -0.0000, -7.5713
