C2H_ccsd, -76.1783808728, -76.1793453650, -76.1774171833, -76.1793453650, -76.1774171833, -76.1790490981, -76.1777151702
C2H_pbe0, -76.5359556551, -76.5369141951, -76.5349979564, -76.5369141951, -76.5349979564, -76.5366200368, -76.5352939791
C2H_pbe, -76.5336949873, -76.5346545946, -76.5327362822, -76.5346545946, -76.5327362822, -76.5343773077, -76.5330155164
C2H_scan0, -76.5858977807, -76.5868547744, -76.5849415981, -76.5868547744, -76.5849415981, -76.5865523274, -76.5852458559
C2H_scan, -76.5997819821, -76.6007362799, -76.5988285167, -76.6007362799, -76.5988285167, -76.6004437006, -76.5991229546
C2H_spw92, -76.5336949873, -76.5346545946, -76.5327362822, -76.5346545946, -76.5327362822, -76.5343773077, -76.5330155164
CH4_ccsd, -40.2137943656, -40.2144200831, -40.2131694167, -40.2144200831, -40.2131694167, -40.2144200831, -40.2131694167
CH4_pbe0, -40.4754204024, -40.4760449168, -40.4747967336, -40.4760449168, -40.4747967336, -40.4760449168, -40.4747967336
CH4_pbe, -40.4647192485, -40.4653512020, -40.4640882044, -40.4653512020, -40.4640882044, -40.4653512020, -40.4640882044
CH4_scan0, -40.5024948792, -40.5031158646, -40.5018747095, -40.5031158646, -40.5018747095, -40.5031158646, -40.5018747095
CH4_scan, -40.5067610813, -40.5073844132, -40.5061385950, -40.5073844132, -40.5061385950, -40.5073844132, -40.5061385950
CH4_spw92, -40.4647192485, -40.4653512020, -40.4640882044, -40.4653512020, -40.4640882044, -40.4653512020, -40.4640882044
CN_ccsd, -92.2363640369, -92.2371853040, -92.2355432442, -92.2371853040, -92.2355432442, -92.2369633657, -92.2357666026
CN_pbe0, -92.6329860653, -92.6338065418, -92.6321660877, -92.6338065418, -92.6321660877, -92.6336386313, -92.6323359490
CN_pbe, -92.6432301890, -92.6440523236, -92.6424085873, -92.6440523236, -92.6424085873, -92.6439246644, -92.6425383307
CN_scan0, -92.6840655034, -92.6848833970, -92.6832480899, -92.6848833970, -92.6832480899, -92.6846908497, -92.6834424208
CN_scan, -92.7083638160, -92.7091796643, -92.7075484581, -92.7091796643, -92.7075484581, -92.7090187325, -92.7077113317
CN_spw92, -92.6432301890, -92.6440523236, -92.6424085873, -92.6440523236, -92.6424085873, -92.6439246644, -92.6425383307
CO_ccsd, -112.7820950226, -112.7828550438, -112.7813353805, -112.7828550438, -112.7813353805, -112.7830351620, -112.7811562065
CO_pbe0, -113.2379777509
CO_pbe, -113.2425724419
CO_scan0, -113.2969368372
CO_scan, -113.3202595598
CO_spw92, -112.4740553512
CO2_ccsd, -187.7100083887, -187.7111100284, -187.7089071099, -187.7111100284, -187.7089071099, -187.7114925643, -187.7085263111
CO2_pbe0, -188.4627684687, -188.4638697668, -188.4616675683, -188.4638697668, -188.4616675683, -188.4641946049, -188.4613445945
CO2_pbe, -188.4770481018, -188.4781558869, -188.4759407468, -188.4781558869, -188.4759407468, -188.4784660543, -188.4756325272
CO2_scan0, -188.5573281331, -188.5584242586, -188.5562323884, -188.5584242586, -188.5562323884, -188.5587570526, -188.5559014134
CO2_scan, -188.6012686190, -188.6023657065, -188.6001719282, -188.6023657065, -188.6001719282, -188.6026879713, -188.5998515257
CO2_spw92, -188.4770481018, -188.4781558869, -188.4759407468, -188.4781558869, -188.4759407468, -188.4784660543, -188.4756325272
H2O_ccsd, -76.0607979567, -76.0613600862, -76.0602361067, -76.0611136791, -76.0604825110, -76.0612622121, -76.0603339655
H2O_pbe0, -76.3810478229, -76.3816224177, -76.3804735953, -76.3813769438, -76.3807190172, -76.3815245985, -76.3805713691
H2O_pbe, -76.3816917440, -76.3822768724, -76.3811070511, -76.3820314014, -76.3813524301, -76.3821788251, -76.3812050271
H2O_scan0, -76.4187127032, -76.4192816009, -76.4181441429, -76.4190354093, -76.4183902996, -76.4191840719, -76.4182416379
H2O_scan, -76.4336222475, -76.4341960201, -76.4330488493, -76.4339500956, -76.4332947173, -76.4340987168, -76.4331461049
H2O_spw92, -76.3816917440, -76.3822768724, -76.3811070511, -76.3820314014, -76.3813524301, -76.3821788251, -76.3812050271
HCO_ccsd, -113.2907164960, -113.2915562375, -113.2898778329, -113.2917398269, -113.2896945380, -113.2915330876, -113.2899003103
HCO_pbe0, -113.7675954655, -113.7684291273, -113.7667630828, -113.7685935395, -113.7665989042, -113.7684136404, -113.7667777447
HCO_pbe, -113.7733934118, -113.7742370701, -113.7725512206, -113.7743921069, -113.7723963593, -113.7742178040, -113.7725695207
HCO_scan0, -113.8284642262, -113.8292942441, -113.8276354157, -113.8294607441, -113.8274691566, -113.8292778810, -113.8276509999
HCO_scan, -113.8539133684, -113.8547472159, -113.8530808269, -113.8549067811, -113.8529214646, -113.8547278590, -113.8530993259
HCO_spw92, -113.7733934118, -113.7742370701, -113.7725512206, -113.7743921069, -113.7723963593, -113.7742178040, -113.7725695207
HF_ccsd, -100.0612497364, -100.0616732904, -100.0608262913, -100.0616732904, -100.0608262913, -100.0614866818, -100.0610129718
HF_pbe0, -100.3920145848, -100.3924496268, -100.3915796879, -100.3924496268, -100.3915796879, -100.3922680004, -100.3917613829
HF_pbe, -100.3928756452, -100.3933188590, -100.3924326025, -100.3933188590, -100.3924326025, -100.3931393875, -100.3926121395
HF_scan0, -100.4409335244, -100.4413637079, -100.4405034734, -100.4413637079, -100.4405034734, -100.4411806404, -100.4406866125
HF_scan, -100.4584023201, -100.4588364768, -100.4579683101, -100.4588364768, -100.4579683101, -100.4586551272, -100.4581497307
HF_spw92, -100.3928756452, -100.3933188590, -100.3924326025, -100.3933188590, -100.3924326025, -100.3931393875, -100.3926121395
HO2_ccsd, -150.2400071785, -150.2407322796, -150.2392824479, -150.2408205771, -150.2391945439, -150.2408199512, -150.2391946683
HO2_pbe0, -150.8157313542, -150.8164748091, -150.8149883587, -150.8165492983, -150.8149142753, -150.8165556544, -150.8149073618
HO2_pbe, -150.8290233784, -150.8297826172, -150.8282646740, -150.8298537980, -150.8281939032, -150.8298558622, -150.8281912379
HO2_scan0, -150.8885021465, -150.8892375432, -150.8877671792, -150.8893118497, -150.8876932708, -150.8893201997, -150.8876843815
HO2_scan, -150.9237941842, -150.9245379121, -150.9230509259, -150.9246084196, -150.9229808153, -150.9246150049, -150.9229736679
HO2_spw92, -150.8290233784, -150.8297826172, -150.8282646740, -150.8298537980, -150.8281939032, -150.8298558622, -150.8281912379
N2_ccsd, -108.9856991311, -108.9864725399, -108.9849260441, -108.9864725399, -108.9849260441, -108.9865648418, -108.9848341837
N2_pbe0, -109.4453389082, -109.4461036825, -109.4445744785, -109.4461036825, -109.4445744785, -109.4462107060, -109.4444679729
N2_pbe, -109.4524995749, -109.4532670116, -109.4517325090, -109.4532670116, -109.4517325090, -109.4533810682, -109.4516190178
N2_scan0, -109.4994664987, -109.5002285624, -109.4987047646, -109.5002285624, -109.4987047646, -109.5003335512, -109.4986002734
N2_scan, -109.5242270626, -109.5249875095, -109.5234669554, -109.5249875095, -109.5234669554, -109.5250997725, -109.5233552188
N2_spw92, -109.4524995749, -109.4532670116, -109.4517325090, -109.4532670116, -109.4517325090, -109.4533810682, -109.4516190178
OH_ccsd, -75.4218315847, -75.4223318409, -75.4213315547, -75.4222342605, -75.4214290214, -75.4223946120, -75.4212693952
OH_pbe0, -75.6866090162, -75.6870213985, -75.6861967761, -75.6871204063, -75.6860979225, -75.6871698552, -75.6860491043
OH_pbe, -75.6839038986, -75.6843233293, -75.6834846316, -75.6844247939, -75.6833833559, -75.6844672967, -75.6833414862
OH_scan0, -75.7298409339, -75.7302482410, -75.7294337570, -75.7303468856, -75.7293352528, -75.7304002241, -75.7292825443
OH_scan, -75.7415957890, -75.7420058719, -75.7411858467, -75.7421062366, -75.7410856414, -75.7421551795, -75.7410373319
OH_spw92, -75.6839038986, -75.6843233293, -75.6834846316, -75.6844247939, -75.6833833559, -75.6844672967, -75.6833414862
